0 0.003592967987060547
0 0.01510310173034668
0 0.01946234703063965
0 0.02356696128845215
-1 0.028481721878051758
-1 0.0328516960144043
-1 0.03833651542663574
-2 0.043079376220703125
-3 0.047936439514160156
-4 0.05202317237854004
-4 0.0575861930847168
-5 0.062464237213134766
-6 0.06770586967468262
-8 0.07164239883422852
-9 0.07650542259216309
-10 0.08034801483154297
-12 0.08532500267028809
-13 0.09369802474975586
-14 0.09887957572937012
-16 0.10300207138061523
-17 0.10804939270019531
-19 0.11322832107543945
-20 0.11817765235900879
-21 0.12221264839172363
-23 0.1274738311767578
-24 0.13137173652648926
-26 0.13624978065490723
-27 0.14024114608764648
-28 0.14524173736572266
-29 0.14945006370544434
-31 0.15359067916870117
-33 0.15924501419067383
-35 0.16452503204345703
-36 0.1692066192626953
-38 0.17334699630737305
-39 0.17813873291015625
-41 0.18219733238220215
-42 0.18747186660766602
-43 0.19137144088745117
-45 0.19620490074157715
-47 0.20017147064208984
-48 0.2051553726196289
-49 0.2093644142150879
-51 0.21509027481079102
-53 0.21931958198547363
-55 0.22346043586730957
-56 0.22826528549194336
-58 0.23247838020324707
-59 0.23750782012939453
-60 0.24141287803649902
-63 0.24650025367736816
-64 0.25035572052001953
-65 0.25533342361450195
-67 0.2599935531616211
-69 0.2657928466796875
-71 0.26995396614074707
-72 0.27408862113952637
-73 0.2791781425476074
-76 0.28333568572998047
-77 0.28831052780151367
-79 0.2924365997314453
-80 0.297454833984375
-81 0.301358699798584
-83 0.30641674995422363
-85 0.3102834224700928
-87 0.3161611557006836
-88 0.3201589584350586
-89 0.32514095306396484
-91 0.3293774127960205
-93 0.3334994316101074
-95 0.33827662467956543
-96 0.342393159866333
-98 0.34729576110839844
-100 0.35321044921875
-101 0.3580467700958252
-104 0.36208581924438477
-105 0.368466854095459
-106 0.37259674072265625
-108 0.37763500213623047
-110 0.3815321922302246
-111 0.3864622116088867
-113 0.3903334140777588
-114 0.39530348777770996
-115 0.39950084686279297
-119 0.4036283493041992
-121 0.4132826328277588
-123 0.4192359447479248
-125 0.4233980178833008
-126 0.4283263683319092
-127 0.4324653148651123
-129 0.4374995231628418
-131 0.4425351619720459
-132 0.44762611389160156
-134 0.45152854919433594
-136 0.45646071434020996
-137 0.46031785011291504
-139 0.46573853492736816
-141 0.4713754653930664
-143 0.47621583938598633
-144 0.48020315170288086
-147 0.4851851463317871
-149 0.49341440200805664
-151 0.49831485748291016
-152 0.502450704574585
-153 0.5076291561126709
-155 0.511542797088623
-157 0.5168187618255615
-159 0.5218825340270996
-160 0.5270535945892334
-162 0.5310347080230713
-164 0.5357217788696289
-165 0.5399007797241211
-167 0.5440273284912109
-169 0.5502662658691406
-171 0.5563111305236816
-172 0.5602643489837646
-175 0.5652835369110107
-176 0.5711102485656738
-178 0.5757806301116943
-179 0.5799481868743896
-181 0.5856881141662598
-183 0.5913536548614502
-185 0.5962209701538086
-186 0.6002047061920166
-188 0.6051726341247559
-189 0.609544038772583
-191 0.6136841773986816
-193 0.6185305118560791
-195 0.623741865158081
-196 0.6285431385040283
-198 0.6328887939453125
-199 0.637723445892334
-201 0.6416893005371094
-203 0.6465585231781006
-204 0.6505610942840576
-205 0.6555051803588867
-207 0.6596920490264893
-209 0.6638331413269043
-211 0.6695749759674072
-213 0.675692081451416
-214 0.6800401210784912
-216 0.6850409507751465
-217 0.6892940998077393
-219 0.6934466361999512
-221 0.698265790939331
-222 0.7024121284484863
-224 0.7074236869812012
-225 0.7113513946533203
-227 0.7162480354309082
-229 0.7202413082122803
-231 0.7265498638153076
-232 0.7305023670196533
-233 0.7354171276092529
-235 0.7396085262298584
-237 0.7437593936920166
-238 0.7485482692718506
-240 0.7529158592224121
-241 0.7577652931213379
-243 0.761725902557373
-245 0.7676286697387695
-247 0.7736318111419678
-249 0.7791435718536377
-251 0.7833173274993896
-252 0.7882664203643799
-255 0.7937874794006348
-256 0.7992193698883057
-258 0.803375244140625
-259 0.8083531856536865
-261 0.8124966621398926
-262 0.8175351619720459
-264 0.8214492797851562
-266 0.8275346755981445
-268 0.8314497470855713
-269 0.8362987041473389
-271 0.840280294418335
-272 0.8452813625335693
-273 0.8496220111846924
-275 0.8537380695343018
-277 0.8585507869720459
-279 0.86326003074646
-281 0.8684296607971191
-283 0.8731739521026611
-284 0.8794510364532471
-286 0.8835864067077637
-289 0.8884096145629883
-290 0.8972573280334473
-292 0.901249885559082
-294 0.906419038772583
-295 0.9103121757507324
-297 0.9153017997741699
-299 0.9196712970733643
-300 0.9238810539245605
-302 0.9298367500305176
-303 0.9340114593505859
-305 0.9392178058624268
-307 0.9433588981628418
-309 0.9491965770721436
-311 0.9537169933319092
-312 0.9594612121582031
-314 0.9636273384094238
-316 0.9689426422119141
-318 0.9731044769287109
-319 0.9792811870574951
-321 0.9835808277130127
-323 0.9884233474731445
-324 0.9925651550292969
-325 0.9975931644439697
-327 1.001481294631958
