0 0.0033521652221679688
0 0.012465238571166992
0 0.017423152923583984
0 0.021721363067626953
-1 0.027426481246948242
-2 0.03182363510131836
-2 0.0359654426574707
-3 0.04097747802734375
-4 0.0451200008392334
-6 0.04997849464416504
-7 0.05460166931152344
-8 0.05975222587585449
-10 0.06362104415893555
-11 0.06859135627746582
-13 0.07244348526000977
-14 0.0785529613494873
-16 0.08239459991455078
-18 0.08737635612487793
-19 0.09172439575195312
-22 0.09585189819335938
-24 0.10173916816711426
-26 0.10593867301940918
-28 0.11100172996520996
-29 0.11514139175415039
-31 0.11998248100280762
-34 0.12403488159179688
-37 0.13005328178405762
-39 0.13410496711730957
-40 0.13910222053527832
-42 0.14307594299316406
-46 0.14775729179382324
-47 0.15207386016845703
-49 0.15662670135498047
-52 0.16269946098327637
-55 0.1681969165802002
-57 0.17215394973754883
-60 0.17857146263122559
-63 0.18358159065246582
-66 0.18867969512939453
-68 0.19263887405395508
-70 0.19752240180969238
-72 0.20171880722045898
-75 0.2058422565460205
-77 0.21106433868408203
-80 0.21523213386535645
-82 0.2200484275817871
-84 0.22408699989318848
-87 0.23006725311279297
-90 0.23413896560668945
-92 0.23916029930114746
-94 0.24314260482788086
-97 0.24782919883728027
-99 0.2519981861114502
-101 0.25611162185668945
-103 0.2616562843322754
-106 0.26613950729370117
-108 0.2716867923736572
-112 0.27585482597351074
-115 0.2816591262817383
-117 0.2866029739379883
-119 0.2912888526916504
-122 0.295438289642334
-124 0.3002476692199707
-127 0.30435609817504883
-130 0.30994296073913574
-133 0.31438374519348145
-135 0.3204050064086914
-139 0.3245429992675781
-141 0.33115196228027344
-144 0.3353087902069092
-146 0.3401212692260742
-148 0.34416866302490234
-150 0.34917354583740234
-153 0.35318565368652344
-156 0.35785698890686035
-158 0.3626134395599365
-160 0.3674964904785156
-166 0.37170934677124023
-168 0.38152050971984863
-171 0.38568854331970215
-174 0.39237022399902344
-176 0.3974003791809082
-178 0.401745080947876
-182 0.4058852195739746
-184 0.410660982131958
-186 0.4150564670562744
-188 0.4199068546295166
-192 0.4238762855529785
-194 0.4289376735687256
-197 0.43377089500427246
-199 0.4386417865753174
-201 0.4425966739654541
-203 0.4475212097167969
-206 0.4519221782684326
-210 0.4560844898223877
-212 0.46208715438842773
-214 0.4666323661804199
-218 0.47216343879699707
-221 0.4776461124420166
-224 0.4841303825378418
-226 0.48915839195251465
-228 0.4931457042694092
-231 0.49779820442199707
-234 0.5019769668579102
-236 0.5061244964599609
-238 0.511383056640625
-241 0.5155277252197266
-243 0.5203347206115723
-246 0.5243842601776123
-249 0.5297539234161377
-251 0.5349512100219727
-253 0.5398476123809814
-256 0.5438334941864014
-258 0.5489556789398193
-260 0.5529296398162842
-263 0.5575852394104004
-266 0.5617959499359131
-268 0.5672869682312012
-270 0.5716655254364014
-274 0.5758006572723389
-277 0.5810072422027588
-279 0.5859391689300537
-281 0.5909755229949951
-283 0.5951099395751953
-286 0.5999150276184082
-289 0.6039738655090332
-292 0.6096391677856445
-295 0.614628791809082
-297 0.6210031509399414
-300 0.6255521774291992
-304 0.6316156387329102
-307 0.6373965740203857
-309 0.6419551372528076
-312 0.6461060047149658
-314 0.6511874198913574
-317 0.6553440093994141
-319 0.6601381301879883
-321 0.6641814708709717
-323 0.6698412895202637
-326 0.673830509185791
-329 0.6786980628967285
-332 0.6829288005828857
-334 0.6890454292297363
-336 0.6930053234100342
-338 0.6976830959320068
-342 0.7022631168365479
-344 0.7072889804840088
-346 0.7116527557373047
-349 0.7157948017120361
-352 0.7213184833526611
-355 0.7254574298858643
-357 0.7303023338317871
-360 0.7343714237213135
-362 0.7402737140655518
-364 0.7443373203277588
-366 0.749608039855957
-369 0.7535088062286377
-372 0.7583673000335693
-374 0.7623047828674316
-378 0.767280101776123
-380 0.7719542980194092
-385 0.7802650928497314
-388 0.7879135608673096
-390 0.7922301292419434
-392 0.797250509262085
-395 0.8016588687896729
-398 0.8057866096496582
-400 0.8110787868499756
-403 0.8152270317077637
-404 0.8200347423553467
-408 0.8241474628448486
-410 0.8292050361633301
-412 0.8331930637359619
-415 0.8392877578735352
-417 0.8433294296264648
-421 0.8481912612915039
-423 0.8521654605865479
-425 0.8567049503326416
-427 0.861403226852417
-430 0.8655548095703125
-433 0.8704986572265625
-436 0.8753612041473389
-438 0.8801729679107666
-440 0.884192705154419
-443 0.8900458812713623
-446 0.8941528797149658
-448 0.8991644382476807
-450 0.9032478332519531
-453 0.907930850982666
-456 0.912106990814209
-458 0.916633129119873
-460 0.9213054180145264
-463 0.9254879951477051
-465 0.9304499626159668
-467 0.9346003532409668
-470 0.9404115676879883
-473 0.9446249008178711
-475 0.9496583938598633
-478 0.9535760879516602
-480 0.9585628509521484
-482 0.9624273777008057
-484 0.9674060344696045
-488 0.9717819690704346
-490 0.9771947860717773
-492 0.9814441204071045
-495 0.9855873584747314
-498 0.9916126728057861
-501 0.9957776069641113
-503 1.0005824565887451
