0 0.0036411285400390625
0 0.013314008712768555
0 0.018319129943847656
0 0.022511720657348633
0 0.027786970138549805
-1 0.03191804885864258
-1 0.03701043128967285
-1 0.0411076545715332
-1 0.04717373847961426
-2 0.05130505561828613
-3 0.05680418014526367
-3 0.060890913009643555
-3 0.0656595230102539
-4 0.07050609588623047
-5 0.07549929618835449
-5 0.08354401588439941
-6 0.08883380889892578
-7 0.09310770034790039
-7 0.09913325309753418
-8 0.10340738296508789
-9 0.1084144115447998
-9 0.1128380298614502
-10 0.11793255805969238
-11 0.12207531929016113
-11 0.1274399757385254
-12 0.13142156600952148
-13 0.13646936416625977
-13 0.14075994491577148
-14 0.14556622505187988
-15 0.15098285675048828
-16 0.15571951866149902
-16 0.15997052192687988
-17 0.16506266593933105
-18 0.16937685012817383
-19 0.17448973655700684
-19 0.17945480346679688
-20 0.1837146282196045
-21 0.18892264366149902
-22 0.19319868087768555
-23 0.1991252899169922
-23 0.2033994197845459
-24 0.20831513404846191
-25 0.2135791778564453
-26 0.218461275100708
-27 0.22295546531677246
-27 0.2278900146484375
-28 0.23202776908874512
-29 0.23743176460266113
-29 0.24204230308532715
-31 0.2477102279663086
-31 0.2532999515533447
-32 0.25832104682922363
-33 0.262800931930542
-34 0.26806068420410156
-35 0.27287864685058594
-35 0.27883434295654297
-36 0.2830808162689209
-37 0.2880280017852783
-37 0.2921414375305176
-39 0.2975640296936035
-39 0.3029289245605469
-40 0.30785417556762695
-41 0.3119807243347168
-41 0.31710386276245117
-42 0.3211946487426758
-43 0.32613658905029297
-44 0.33016061782836914
-45 0.33525562286376953
-45 0.33953022956848145
-46 0.34375953674316406
-47 0.3489067554473877
-48 0.35390329360961914
-48 0.35921335220336914
-49 0.363508939743042
-50 0.37001967430114746
-51 0.3751180171966553
-52 0.3798229694366455
-53 0.3840310573577881
-53 0.38932371139526367
-54 0.39356017112731934
-55 0.39968395233154297
-56 0.4056863784790039
-57 0.40995144844055176
-57 0.4150354862213135
-58 0.41957974433898926
-59 0.423931360244751
-60 0.4290580749511719
-61 0.4332878589630127
-61 0.438140869140625
-62 0.44240617752075195
-63 0.44753050804138184
-64 0.4515979290008545
-64 0.45770907402038574
-65 0.4619755744934082
-66 0.46706247329711914
-67 0.4711430072784424
-68 0.4762253761291504
-69 0.48544883728027344
-70 0.4898526668548584
-71 0.4944586753845215
-71 0.4994039535522461
-72 0.5052351951599121
-73 0.5096273422241211
-74 0.5138978958129883
-75 0.5191957950592041
-75 0.5234358310699463
-76 0.5283403396606445
-77 0.5328085422515869
-78 0.5378780364990234
-78 0.541996955871582
-79 0.547130823135376
-80 0.5511894226074219
-81 0.557373046875
-81 0.5613656044006348
-82 0.5664088726043701
-83 0.5704655647277832
-84 0.5754754543304443
-84 0.5797922611236572
-85 0.5853707790374756
-86 0.5897157192230225
-87 0.5939514636993408
-87 0.5992608070373535
-88 0.603492021560669
-89 0.609325647354126
-90 0.613532304763794
-91 0.6183934211730957
-91 0.6228351593017578
-92 0.6277852058410645
-93 0.6319208145141602
-94 0.6370389461517334
-94 0.6411330699920654
-95 0.6462035179138184
-96 0.6502566337585449
-97 0.6553435325622559
-97 0.6608421802520752
-99 0.6656177043914795
-99 0.6699047088623047
-100 0.6749603748321533
-101 0.6792912483215332
-101 0.6839962005615234
-102 0.6891450881958008
-103 0.6934118270874023
-104 0.6983394622802734
-104 0.7028374671936035
-105 0.7084734439849854
-106 0.7129747867584229
-107 0.7180647850036621
-107 0.7222895622253418
-108 0.7274169921875
-109 0.7314510345458984
-110 0.7367479801177979
-111 0.7408344745635986
-111 0.7456259727478027
-112 0.7499032020568848
-113 0.7545106410980225
-114 0.7600369453430176
-115 0.7651419639587402
-115 0.7694549560546875
-116 0.7736902236938477
-119 0.779078483581543
-122 0.8015644550323486
-123 0.812422513961792
-130 0.8404111862182617
-133 0.8622934818267822
-137 0.8892395496368408
-141 0.9212572574615479
-145 0.9429926872253418
-150 0.9619853496551514
-153 0.986480712890625
-156 1.0134918689727783
