0 0.0032372474670410156
0 0.012696504592895508
-1 0.022078514099121094
-1 0.02677750587463379
-2 0.0323336124420166
-3 0.037513017654418945
-5 0.04152822494506836
-7 0.04642438888549805
-8 0.05124402046203613
-10 0.056318044662475586
-13 0.06070876121520996
-15 0.06491255760192871
-23 0.0745534896850586
-26 0.0847163200378418
-29 0.09018850326538086
-33 0.09437155723571777
-35 0.09936213493347168
-39 0.10460066795349121
-42 0.10946822166442871
-45 0.11385488510131836
-48 0.11876678466796875
-53 0.1227726936340332
-57 0.12812256813049316
-62 0.13428163528442383
-65 0.13915228843688965
-68 0.14322304725646973
-73 0.14901447296142578
-78 0.15312504768371582
-81 0.15944671630859375
-85 0.16386198997497559
-88 0.16872477531433105
-93 0.172713041305542
-97 0.17761826515197754
-102 0.1827399730682373
-107 0.188629150390625
-112 0.19405531883239746
-116 0.19925308227539062
-119 0.20345497131347656
-123 0.20866632461547852
-128 0.21266412734985352
-132 0.2175438404083252
-135 0.22153162956237793
-139 0.22647523880004883
-144 0.2318575382232666
-148 0.2366170883178711
-153 0.24085426330566406
-157 0.24505949020385742
-162 0.25062012672424316
-166 0.2548494338989258
-171 0.26151156425476074
-175 0.2664506435394287
-181 0.270845890045166
-184 0.2750253677368164
-189 0.2801051139831543
-193 0.2850980758666992
-197 0.2902071475982666
-202 0.29442763328552246
-206 0.29926419258117676
-210 0.3034517765045166
-213 0.3085458278656006
-219 0.3124818801879883
-223 0.3176231384277344
-226 0.3218574523925781
-232 0.3266291618347168
-235 0.33100152015686035
-241 0.3368675708770752
-245 0.3410787582397461
-249 0.34610652923583984
-254 0.3503761291503906
-258 0.3549973964691162
-261 0.3600895404815674
-267 0.36428284645080566
-271 0.3691072463989258
-275 0.3732144832611084
-278 0.37822794914245605
-284 0.382279634475708
-287 0.38855504989624023
-293 0.3925011157989502
-297 0.3974781036376953
-300 0.4013702869415283
-304 0.40642690658569336
-308 0.41064929962158203
-317 0.41483473777770996
-323 0.42415738105773926
-327 0.4291567802429199
-332 0.43324828147888184
-336 0.43927621841430664
-339 0.44346189498901367
-343 0.4487874507904053
-349 0.4528796672821045
-353 0.45855116844177246
-358 0.46250009536743164
-362 0.46784543991088867
-365 0.4718940258026123
-371 0.47664880752563477
-375 0.4808840751647949
-381 0.4867384433746338
-384 0.4909706115722656
-388 0.49555015563964844
-391 0.5002701282501221
-397 0.504478931427002
-401 0.5095164775848389
-405 0.5138921737670898
-409 0.518749475479126
-414 0.522761344909668
-418 0.5278549194335938
-421 0.5318801403045654
-427 0.5379083156585693
-431 0.5419793128967285
-436 0.5467066764831543
-440 0.5509524345397949
-444 0.555504322052002
-447 0.5606396198272705
-453 0.5647943019866943
-457 0.5700554847717285
-463 0.5742447376251221
-466 0.5792598724365234
-472 0.5834507942199707
-475 0.5893256664276123
-479 0.5935261249542236
-483 0.5986018180847168
-489 0.602651834487915
-492 0.6078338623046875
-496 0.6118824481964111
-502 0.6166331768035889
-505 0.6208722591400146
-509 0.6250603199005127
-513 0.6302974224090576
-519 0.634526252746582
-522 0.6403803825378418
-528 0.6445672512054443
-531 0.6494452953338623
-535 0.6538453102111816
-541 0.6587176322937012
-545 0.6634325981140137
-548 0.668560266494751
-554 0.672508955001831
-557 0.6775076389312744
-561 0.6815271377563477
-567 0.686443567276001
-571 0.6920573711395264
-576 0.6967952251434326
-582 0.7024257183074951
-585 0.7075693607330322
-589 0.7115771770477295
-593 0.7165031433105469
-599 0.7207322120666504
-602 0.7249221801757812
-606 0.7300488948822021
-612 0.7346246242523193
-615 0.7405292987823486
-621 0.7447283267974854
-625 0.7499942779541016
-630 0.7542178630828857
-634 0.7591056823730469
-638 0.7639663219451904
-641 0.7688248157501221
-647 0.7728798389434814
-651 0.7779638767242432
-655 0.7820606231689453
-660 0.7867896556854248
-664 0.7920598983764648
-669 0.7967681884765625
-675 0.8020837306976318
-679 0.8081874847412109
-683 0.8122477531433105
-692 0.8171565532684326
-697 0.8272573947906494
-701 0.8312692642211914
-705 0.8363289833068848
-711 0.8420312404632568
-716 0.8475713729858398
-720 0.8515949249267578
-725 0.8571159839630127
-729 0.8611800670623779
-735 0.8666305541992188
-738 0.8714938163757324
-742 0.8764312267303467
-746 0.8806626796722412
-751 0.8848385810852051
-757 0.8904016017913818
-761 0.8963098526000977
-766 0.9005374908447266
-770 0.9050469398498535
-778 0.9114975929260254
-783 0.9186756610870361
-791 0.9240889549255371
-796 0.9313497543334961
-802 0.9381513595581055
-809 0.9450948238372803
-815 0.9515914916992188
-821 0.958763837814331
-828 0.9641568660736084
-834 0.9715616703033447
-839 0.9787101745605469
-845 0.9841134548187256
-852 0.9909300804138184
-858 0.998967170715332
-863 1.0046782493591309
