0 0.004158496856689453
0 0.013880491256713867
0 0.0185699462890625
0 0.023254871368408203
-2 0.033312082290649414
-3 0.039261579513549805
-5 0.04431772232055664
-6 0.04881930351257324
-8 0.05398273468017578
-10 0.05861783027648926
-12 0.06331896781921387
-13 0.06816840171813965
-16 0.07250404357910156
-18 0.07791376113891602
-21 0.08221793174743652
-24 0.08717679977416992
-26 0.09327983856201172
-28 0.09818768501281738
-31 0.10254573822021484
-34 0.1077880859375
-37 0.11208844184875488
-39 0.11704206466674805
-42 0.12157940864562988
-45 0.12657761573791504
-48 0.1307823657989502
-52 0.1362593173980713
-55 0.14169716835021973
-58 0.14670348167419434
-60 0.15095257759094238
-63 0.15622806549072266
-67 0.16038107872009277
-70 0.16564702987670898
-72 0.1698153018951416
-76 0.17484021186828613
-79 0.17898797988891602
-83 0.18416070938110352
-86 0.18982172012329102
-90 0.1958942413330078
-94 0.20006847381591797
-97 0.2051548957824707
-100 0.20930051803588867
-104 0.21437978744506836
-107 0.21873974800109863
-110 0.22392010688781738
-114 0.22832107543945312
-116 0.23261094093322754
-121 0.23791861534118652
-124 0.24392390251159668
-128 0.24832653999328613
-131 0.25261831283569336
-134 0.2580857276916504
-138 0.2624058723449707
-141 0.26763367652893066
-145 0.27198052406311035
-149 0.2782623767852783
-154 0.28446269035339355
-156 0.2888071537017822
-162 0.29574155807495117
-166 0.3018360137939453
-169 0.30689239501953125
-172 0.31122541427612305
-177 0.31668877601623535
-180 0.3209352493286133
-182 0.32624387741088867
-187 0.3303971290588379
-190 0.3356809616088867
-194 0.33986544609069824
-197 0.34603309631347656
-201 0.3502159118652344
-204 0.3555748462677002
-207 0.35976457595825195
-212 0.3645792007446289
-214 0.36892008781433105
-219 0.37415122985839844
-222 0.37868571281433105
-224 0.3838355541229248
-227 0.3882474899291992
-233 0.39423584938049316
-236 0.3991994857788086
-240 0.4043080806732178
-243 0.40866589546203613
-246 0.4133331775665283
-249 0.4181783199310303
-254 0.42246198654174805
-261 0.42767333984375
-264 0.43723487854003906
-268 0.44179558753967285
-271 0.4480764865875244
-275 0.4523756504058838
-278 0.45775413513183594
-283 0.4620778560638428
-286 0.46718311309814453
-290 0.4717226028442383
-293 0.4767494201660156
-296 0.4809725284576416
-299 0.4862675666809082
-303 0.4904205799102783
-307 0.4966590404510498
-312 0.5016825199127197
-315 0.5067105293273926
-318 0.5109553337097168
-320 0.516226053237915
-325 0.5203835964202881
-328 0.5256261825561523
-331 0.5298216342926025
-335 0.5348620414733887
-338 0.5389916896820068
-342 0.5442092418670654
-345 0.5497653484344482
-350 0.5545704364776611
-352 0.5590617656707764
-357 0.5643417835235596
-360 0.5686945915222168
-363 0.5738446712493896
-367 0.5784173011779785
-370 0.5827531814575195
-373 0.5880179405212402
-378 0.5923476219177246
-382 0.5984325408935547
-385 0.6041309833526611
-389 0.6085410118103027
-392 0.6132190227508545
-396 0.6182899475097656
-399 0.6226022243499756
-402 0.6279234886169434
-406 0.6322591304779053
-410 0.6372537612915039
-415 0.6426005363464355
-418 0.6486411094665527
-421 0.6538186073303223
-424 0.6582436561584473
-428 0.6625640392303467
-431 0.6678164005279541
-436 0.6721417903900146
-438 0.6772654056549072
-443 0.6818323135375977
-446 0.6868712902069092
-449 0.6911895275115967
-453 0.6963932514190674
-458 0.7017636299133301
-460 0.7075996398925781
-465 0.7119343280792236
-468 0.7169218063354492
-471 0.7212505340576172
-474 0.7264821529388428
-478 0.7307121753692627
-481 0.7360405921936035
-485 0.7402374744415283
-488 0.7456364631652832
-493 0.7507741451263428
-496 0.7559895515441895
-500 0.7601771354675293
-503 0.7656497955322266
-506 0.7698297500610352
-510 0.7748761177062988
-513 0.7790322303771973
-518 0.784250020980835
-520 0.7900025844573975
-525 0.795278787612915
-529 0.800652265548706
-532 0.8064002990722656
-536 0.8106493949890137
-539 0.8158528804779053
-544 0.8200201988220215
-547 0.8250555992126465
-552 0.8293049335479736
-557 0.838533878326416
-560 0.8428390026092529
-564 0.8482182025909424
-568 0.8542146682739258
-572 0.8587973117828369
-574 0.8639984130859375
-579 0.8683822154998779
-582 0.8726980686187744
-584 0.8779861927032471
-589 0.8822972774505615
-592 0.8872685432434082
-596 0.8918366432189941
-599 0.8968243598937988
-604 0.9022066593170166
-606 0.9073019027709961
-611 0.9123439788818359
-614 0.9177284240722656
-618 0.9223759174346924
-622 0.9284274578094482
-626 0.9327471256256104
-628 0.938004732131958
-633 0.9423377513885498
-637 0.9473276138305664
-640 0.9526851177215576
-644 0.9583265781402588
-649 0.9643194675445557
-652 0.9688293933868408
-656 0.9740278720855713
-659 0.9786007404327393
-662 0.9833080768585205
-665 0.9881889820098877
-669 0.9925041198730469
-672 0.9977517127990723
-676 1.002798080444336
